====================================================================================================
==========================================================> Final Result

7.00 1.00 4.00 1.30 3.22 0.00 2.00 1.09 0.00 2.40 2.00 3.00 3.00   || Output= 0.986831984  || CoutTh=  1  || Out Real =  1
6.70 0.00 3.00 1.15 5.64 0.00 2.00 1.60 0.00 1.60 2.00 0.00 7.00   || Output= 0.083863392  || CoutTh=  0  || Out Real =  0
5.70 1.00 2.00 1.24 2.61 0.00 0.00 1.41 0.00 0.30 1.00 0.00 7.00   || Output= 0.508551750  || CoutTh=  1  || Out Real =  1
6.40 1.00 4.00 1.28 2.63 0.00 0.00 1.05 1.00 0.20 2.00 1.00 7.00   || Output= 0.889569509  || CoutTh=  1  || Out Real =  0
7.40 0.00 2.00 1.20 2.69 0.00 2.00 1.21 1.00 0.20 1.00 1.00 3.00   || Output= 0.080934945  || CoutTh=  0  || Out Real =  0
6.50 1.00 4.00 1.20 1.77 0.00 0.00 1.40 0.00 0.40 1.00 0.00 7.00   || Output= 0.080800518  || CoutTh=  0  || Out Real =  0
5.60 1.00 3.00 1.30 2.56 1.00 2.00 1.42 1.00 0.60 2.00 1.00 6.00   || Output= 0.977700585  || CoutTh=  1  || Out Real =  1
5.90 1.00 4.00 1.10 2.39 0.00 2.00 1.42 1.00 1.20 2.00 1.00 7.00   || Output= 0.989550551  || CoutTh=  1  || Out Real =  1
6.00 1.00 4.00 1.40 2.93 0.00 2.00 1.70 0.00 1.20 2.00 2.00 7.00   || Output= 0.989577162  || CoutTh=  1  || Out Real =  1
6.30 0.00 4.00 1.50 4.07 0.00 2.00 1.54 0.00 4.00 2.00 3.00 7.00   || Output= 0.989592151  || CoutTh=  1  || Out Real =  1
5.90 1.00 4.00 1.35 2.34 0.00 0.00 1.61 0.00 0.50 2.00 0.00 7.00   || Output= 0.080801248  || CoutTh=  0  || Out Real =  0
5.30 1.00 4.00 1.42 2.26 0.00 2.00 1.11 1.00 0.00 1.00 0.00 7.00   || Output= 0.889762753  || CoutTh=  1  || Out Real =  0
4.40 1.00 3.00 1.40 2.35 0.00 2.00 1.80 0.00 0.00 1.00 0.00 3.00   || Output= 0.080798885  || CoutTh=  0  || Out Real =  0
6.10 1.00 1.00 1.34 2.34 0.00 0.00 1.45 0.00 2.60 2.00 2.00 3.00   || Output= 0.509217076  || CoutTh=  1  || Out Real =  1
5.70 0.00 4.00 1.28 3.03 0.00 2.00 1.59 0.00 0.00 1.00 1.00 3.00   || Output= 0.080806924  || CoutTh=  0  || Out Real =  0
7.10 0.00 4.00 1.12 1.49 0.00 0.00 1.25 0.00 1.60 2.00 0.00 3.00   || Output= 0.080796430  || CoutTh=  0  || Out Real =  0
4.60 1.00 4.00 1.40 3.11 0.00 0.00 1.20 1.00 1.80 2.00 2.00 7.00   || Output= 0.989592002  || CoutTh=  1  || Out Real =  1
5.30 1.00 4.00 1.40 2.03 1.00 2.00 1.55 1.00 3.10 3.00 0.00 7.00   || Output= 0.989519846  || CoutTh=  1  || Out Real =  1
6.40 1.00 1.00 1.10 2.11 0.00 2.00 1.44 1.00 1.80 2.00 0.00 3.00   || Output= 0.509206276  || CoutTh=  1  || Out Real =  0
4.00 1.00 1.00 1.40 1.99 0.00 0.00 1.78 1.00 1.40 1.00 0.00 7.00   || Output= 0.531639106  || CoutTh=  1  || Out Real =  0
6.70 1.00 4.00 1.20 2.29 0.00 2.00 1.29 1.00 2.60 2.00 2.00 7.00   || Output= 0.989592149  || CoutTh=  1  || Out Real =  1
4.80 1.00 2.00 1.30 2.45 0.00 2.00 1.80 0.00 0.20 2.00 0.00 3.00   || Output= 0.080910335  || CoutTh=  0  || Out Real =  0
4.30 1.00 4.00 1.15 3.03 0.00 0.00 1.81 0.00 1.20 2.00 0.00 3.00   || Output= 0.080800606  || CoutTh=  0  || Out Real =  0
4.70 1.00 4.00 1.12 2.04 0.00 0.00 1.43 0.00 0.10 1.00 0.00 3.00   || Output= 0.080795376  || CoutTh=  0  || Out Real =  0
5.40 0.00 2.00 1.32 2.88 1.00 2.00 1.59 1.00 0.00 1.00 1.00 3.00   || Output= 0.080816505  || CoutTh=  0  || Out Real =  0
4.80 0.00 3.00 1.30 2.75 0.00 0.00 1.39 0.00 0.20 1.00 0.00 3.00   || Output= 0.080781081  || CoutTh=  0  || Out Real =  0
4.60 0.00 4.00 1.38 2.43 0.00 2.00 1.52 1.00 0.00 2.00 0.00 3.00   || Output= 0.087435334  || CoutTh=  0  || Out Real =  0
5.10 0.00 3.00 1.20 2.95 0.00 2.00 1.57 0.00 0.60 1.00 0.00 3.00   || Output= 0.080798255  || CoutTh=  0  || Out Real =  0
5.80 1.00 3.00 1.12 2.30 0.00 2.00 1.65 0.00 2.50 2.00 1.00 7.00   || Output= 0.989592143  || CoutTh=  1  || Out Real =  1
7.10 0.00 3.00 1.10 2.65 1.00 2.00 1.30 0.00 0.00 1.00 1.00 3.00   || Output= 0.080798522  || CoutTh=  0  || Out Real =  0
5.70 1.00 3.00 1.28 2.29 0.00 2.00 1.50 0.00 0.40 2.00 1.00 7.00   || Output= 0.987873761  || CoutTh=  1  || Out Real =  1
6.60 1.00 4.00 1.60 2.28 0.00 2.00 1.38 0.00 2.30 1.00 0.00 6.00   || Output= 0.348117034  || CoutTh=  0  || Out Real =  0
3.70 0.00 3.00 1.20 2.15 0.00 0.00 1.70 0.00 0.00 1.00 0.00 3.00   || Output= 0.080789254  || CoutTh=  0  || Out Real =  0
5.90 1.00 4.00 1.70 3.26 0.00 2.00 1.40 1.00 3.40 3.00 0.00 7.00   || Output= 0.989592121  || CoutTh=  1  || Out Real =  1
5.00 1.00 4.00 1.44 2.00 0.00 2.00 1.26 1.00 0.90 2.00 0.00 7.00   || Output= 0.925126554  || CoutTh=  1  || Out Real =  1
4.80 1.00 4.00 1.30 2.56 1.00 2.00 1.50 1.00 0.00 1.00 2.00 7.00   || Output= 0.974554287  || CoutTh=  1  || Out Real =  1
6.10 1.00 4.00 1.40 2.07 0.00 2.00 1.38 1.00 1.90 1.00 1.00 7.00   || Output= 0.989592133  || CoutTh=  1  || Out Real =  1
5.90 1.00 1.00 1.60 2.73 0.00 2.00 1.25 0.00 0.00 1.00 0.00 3.00   || Output= 0.489193810  || CoutTh=  0  || Out Real =  1
4.20 1.00 3.00 1.30 1.80 0.00 0.00 1.50 0.00 0.00 1.00 0.00 3.00   || Output= 0.080787518  || CoutTh=  0  || Out Real =  0
4.80 1.00 4.00 1.22 2.22 0.00 2.00 1.86 0.00 0.00 1.00 0.00 3.00   || Output= 0.080800643  || CoutTh=  0  || Out Real =  0
4.00 1.00 4.00 1.52 2.23 0.00 0.00 1.81 0.00 0.00 1.00 0.00 7.00   || Output= 0.080818568  || CoutTh=  0  || Out Real =  1
6.20 0.00 4.00 1.24 2.09 0.00 0.00 1.63 0.00 0.00 1.00 0.00 3.00   || Output= 0.080789531  || CoutTh=  0  || Out Real =  0
4.40 1.00 3.00 1.30 2.33 0.00 0.00 1.79 1.00 0.40 1.00 0.00 3.00   || Output= 0.080794418  || CoutTh=  0  || Out Real =  0
4.60 1.00 2.00 1.01 1.97 1.00 0.00 1.56 0.00 0.00 1.00 0.00 7.00   || Output= 0.172552256  || CoutTh=  0  || Out Real =  0
5.90 1.00 3.00 1.26 2.18 1.00 0.00 1.34 0.00 2.20 2.00 1.00 6.00   || Output= 0.981337404  || CoutTh=  1  || Out Real =  1
5.80 1.00 3.00 1.40 2.11 1.00 2.00 1.65 0.00 0.00 1.00 0.00 3.00   || Output= 0.080798831  || CoutTh=  0  || Out Real =  0
4.90 1.00 3.00 1.18 1.49 0.00 2.00 1.26 0.00 0.80 1.00 3.00 3.00   || Output= 0.989590908  || CoutTh=  1  || Out Real =  1
4.40 1.00 4.00 1.10 1.97 0.00 2.00 1.77 0.00 0.00 1.00 1.00 3.00   || Output= 0.866160426  || CoutTh=  1  || Out Real =  1
6.60 1.00 2.00 1.60 2.46 0.00 0.00 1.20 1.00 0.00 2.00 3.00 6.00   || Output= 0.989592014  || CoutTh=  1  || Out Real =  1
6.50 0.00 4.00 1.50 2.25 0.00 2.00 1.14 0.00 1.00 2.00 3.00 7.00   || Output= 0.983256114  || CoutTh=  1  || Out Real =  1
4.20 1.00 4.00 1.36 3.15 0.00 0.00 1.25 1.00 1.80 2.00 0.00 6.00   || Output= 0.890384412  || CoutTh=  1  || Out Real =  1
5.20 1.00 2.00 1.28 2.05 1.00 0.00 1.84 0.00 0.00 1.00 0.00 3.00   || Output= 0.080780967  || CoutTh=  0  || Out Real =  0
6.50 0.00 3.00 1.40 4.17 1.00 2.00 1.57 0.00 0.80 1.00 1.00 3.00   || Output= 0.080800727  || CoutTh=  0  || Out Real =  0
6.30 0.00 2.00 1.40 1.95 0.00 0.00 1.79 0.00 0.00 1.00 2.00 3.00   || Output= 0.080789813  || CoutTh=  0  || Out Real =  0
4.50 0.00 2.00 1.30 2.34 0.00 2.00 1.75 0.00 0.60 2.00 0.00 3.00   || Output= 0.080797890  || CoutTh=  0  || Out Real =  0
4.10 0.00 2.00 1.05 1.98 0.00 0.00 1.68 0.00 0.00 1.00 1.00 3.00   || Output= 0.080784864  || CoutTh=  0  || Out Real =  0
6.10 1.00 4.00 1.38 1.66 0.00 2.00 1.25 1.00 3.60 2.00 1.00 3.00   || Output= 0.989578757  || CoutTh=  1  || Out Real =  1
6.00 0.00 3.00 1.20 1.78 1.00 0.00 9.60 0.00 0.00 1.00 0.00 3.00   || Output= 0.080801999  || CoutTh=  0  || Out Real =  0
5.90 0.00 4.00 1.74 2.49 0.00 0.00 1.43 1.00 0.00 2.00 0.00 3.00   || Output= 0.080794764  || CoutTh=  0  || Out Real =  1
6.20 1.00 2.00 1.20 2.81 0.00 2.00 1.03 0.00 1.40 2.00 1.00 7.00   || Output= 0.977633376  || CoutTh=  1  || Out Real =  1
5.70 1.00 3.00 1.50 1.26 1.00 0.00 1.73 0.00 0.20 1.00 1.00 7.00   || Output= 0.081366071  || CoutTh=  0  || Out Real =  0
5.10 0.00 4.00 1.30 3.05 0.00 0.00 1.42 1.00 1.20 2.00 0.00 7.00   || Output= 0.889568144  || CoutTh=  1  || Out Real =  1
4.40 1.00 3.00 1.20 2.26 0.00 0.00 1.69 0.00 0.00 1.00 0.00 3.00   || Output= 0.080789061  || CoutTh=  0  || Out Real =  0
6.00 0.00 1.00 1.50 2.40 0.00 0.00 1.71 0.00 0.90 1.00 0.00 3.00   || Output= 0.081578729  || CoutTh=  0  || Out Real =  0
6.30 1.00 1.00 1.45 2.33 1.00 2.00 1.50 0.00 2.30 3.00 0.00 6.00   || Output= 0.509219439  || CoutTh=  1  || Out Real =  0
5.70 1.00 4.00 1.50 2.76 0.00 2.00 1.12 1.00 0.60 2.00 1.00 6.00   || Output= 0.892319087  || CoutTh=  1  || Out Real =  1
5.10 1.00 4.00 1.40 2.61 0.00 2.00 1.86 1.00 0.00 1.00 0.00 3.00   || Output= 0.080801799  || CoutTh=  0  || Out Real =  0
5.80 0.00 2.00 1.36 3.19 1.00 2.00 1.52 0.00 0.00 1.00 2.00 3.00   || Output= 0.080800415  || CoutTh=  0  || Out Real =  1
4.40 0.00 3.00 1.18 2.42 0.00 0.00 1.49 0.00 0.30 2.00 1.00 3.00   || Output= 0.080806567  || CoutTh=  0  || Out Real =  0
4.70 1.00 3.00 1.08 2.43 0.00 0.00 1.52 0.00 0.00 1.00 0.00 3.00   || Output= 0.080786984  || CoutTh=  0  || Out Real =  1
6.10 1.00 4.00 1.20 2.60 0.00 0.00 1.40 1.00 3.60 2.00 1.00 7.00   || Output= 0.989592147  || CoutTh=  1  || Out Real =  1
5.70 0.00 4.00 1.20 3.54 0.00 0.00 1.63 1.00 0.60 1.00 0.00 3.00   || Output= 0.080797492  || CoutTh=  0  || Out Real =  0
7.00 1.00 2.00 1.56 2.45 0.00 2.00 1.43 0.00 0.00 1.00 0.00 3.00   || Output= 0.080797914  || CoutTh=  0  || Out Real =  0
7.60 0.00 3.00 1.40 1.97 0.00 1.00 1.16 0.00 1.10 2.00 0.00 3.00   || Output= 0.080794145  || CoutTh=  0  || Out Real =  0
6.70 0.00 4.00 1.06 2.23 0.00 0.00 1.42 0.00 0.30 1.00 2.00 3.00   || Output= 0.211565309  || CoutTh=  0  || Out Real =  0
4.50 1.00 4.00 1.42 3.09 0.00 2.00 1.47 1.00 0.00 2.00 3.00 7.00   || Output= 0.989591868  || CoutTh=  1  || Out Real =  1
4.50 1.00 4.00 1.04 2.08 0.00 2.00 1.48 1.00 3.00 2.00 0.00 3.00   || Output= 0.932451739  || CoutTh=  1  || Out Real =  0
3.90 0.00 3.00 9.40 1.99 0.00 0.00 1.79 0.00 0.00 1.00 0.00 3.00   || Output= 0.080794389  || CoutTh=  0  || Out Real =  0
4.20 0.00 3.00 1.20 2.09 0.00 0.00 1.73 0.00 0.00 2.00 0.00 3.00   || Output= 0.080789403  || CoutTh=  0  || Out Real =  0
5.60 1.00 2.00 1.20 2.36 0.00 0.00 1.78 0.00 0.80 1.00 0.00 3.00   || Output= 0.080895952  || CoutTh=  0  || Out Real =  0
5.80 1.00 4.00 1.46 2.18 0.00 0.00 1.05 0.00 2.00 2.00 1.00 7.00   || Output= 0.963879427  || CoutTh=  1  || Out Real =  1
3.50 1.00 4.00 1.20 1.98 0.00 0.00 1.30 1.00 1.60 2.00 0.00 7.00   || Output= 0.965262225  || CoutTh=  1  || Out Real =  1
5.80 1.00 4.00 1.50 2.70 0.00 2.00 1.11 1.00 0.80 1.00 0.00 7.00   || Output= 0.938569683  || CoutTh=  1  || Out Real =  1
4.10 1.00 3.00 1.30 2.14 0.00 2.00 1.68 0.00 2.00 2.00 0.00 3.00   || Output= 0.097095922  || CoutTh=  0  || Out Real =  0
5.70 1.00 4.00 1.10 2.01 0.00 0.00 1.26 1.00 1.50 2.00 0.00 6.00   || Output= 0.889577411  || CoutTh=  1  || Out Real =  0
4.20 1.00 1.00 1.48 2.44 0.00 2.00 1.78 0.00 0.80 1.00 2.00 3.00   || Output= 0.510761455  || CoutTh=  1  || Out Real =  0
6.20 1.00 2.00 1.28 2.08 1.00 2.00 1.40 0.00 0.00 1.00 0.00 3.00   || Output= 0.080793775  || CoutTh=  0  || Out Real =  0
5.90 1.00 1.00 1.78 2.70 0.00 2.00 1.45 0.00 4.20 3.00 0.00 7.00   || Output= 0.509220912  || CoutTh=  1  || Out Real =  0
4.10 0.00 2.00 1.26 3.06 0.00 0.00 1.63 0.00 0.00 1.00 0.00 3.00   || Output= 0.080767451  || CoutTh=  0  || Out Real =  0
5.00 1.00 4.00 1.50 2.43 0.00 2.00 1.28 0.00 2.60 2.00 0.00 7.00   || Output= 0.989578718  || CoutTh=  1  || Out Real =  1
5.90 1.00 2.00 1.40 2.21 0.00 0.00 1.64 1.00 0.00 1.00 0.00 3.00   || Output= 0.080785184  || CoutTh=  0  || Out Real =  0
6.10 0.00 4.00 1.30 3.30 0.00 2.00 1.69 0.00 0.00 1.00 0.00 3.00   || Output= 0.080799423  || CoutTh=  0  || Out Real =  1
5.40 1.00 4.00 1.24 2.66 0.00 2.00 1.09 1.00 2.20 2.00 1.00 7.00   || Output= 0.989592139  || CoutTh=  1  || Out Real =  1
5.40 1.00 4.00 1.10 2.06 0.00 2.00 1.08 1.00 0.00 2.00 1.00 3.00   || Output= 0.889566777  || CoutTh=  1  || Out Real =  1
5.20 1.00 4.00 1.25 2.12 0.00 0.00 1.68 0.00 1.00 1.00 2.00 7.00   || Output= 0.989180881  || CoutTh=  1  || Out Real =  1
4.70 1.00 4.00 1.10 2.75 0.00 2.00 1.18 1.00 1.00 2.00 1.00 3.00   || Output= 0.889568801  || CoutTh=  1  || Out Real =  1
6.60 1.00 4.00 1.20 3.02 0.00 2.00 1.51 0.00 0.40 2.00 0.00 3.00   || Output= 0.080800818  || CoutTh=  0  || Out Real =  0
5.80 1.00 4.00 1.00 2.34 0.00 0.00 1.56 0.00 0.10 1.00 1.00 7.00   || Output= 0.889211986  || CoutTh=  1  || Out Real =  1
6.40 0.00 3.00 1.40 3.13 0.00 0.00 1.33 0.00 0.20 1.00 0.00 7.00   || Output= 0.080798827  || CoutTh=  0  || Out Real =  0
5.00 0.00 2.00 1.20 2.44 0.00 0.00 1.62 0.00 1.10 1.00 0.00 3.00   || Output= 0.080777013  || CoutTh=  0  || Out Real =  0
4.40 0.00 3.00 1.08 1.41 0.00 0.00 1.75 0.00 0.60 2.00 0.00 3.00   || Output= 0.080793427  || CoutTh=  0  || Out Real =  0
6.70 1.00 4.00 1.20 2.37 0.00 0.00 7.10 0.00 1.00 2.00 0.00 3.00   || Output= 0.080801731  || CoutTh=  0  || Out Real =  1
4.90 0.00 4.00 1.30 2.69 0.00 0.00 1.63 0.00 0.00 1.00 0.00 3.00   || Output= 0.080792577  || CoutTh=  0  || Out Real =  0
5.70 1.00 4.00 1.65 2.89 1.00 2.00 1.24 0.00 1.00 2.00 3.00 7.00   || Output= 0.989266468  || CoutTh=  1  || Out Real =  1
6.30 1.00 4.00 1.30 2.54 0.00 2.00 1.47 0.00 1.40 2.00 1.00 7.00   || Output= 0.985507787  || CoutTh=  1  || Out Real =  1
4.80 1.00 4.00 1.24 2.74 0.00 2.00 1.66 0.00 0.50 2.00 0.00 7.00   || Output= 0.873584514  || CoutTh=  1  || Out Real =  1
5.10 1.00 3.00 1.00 2.22 0.00 0.00 1.43 1.00 1.20 2.00 0.00 3.00   || Output= 0.080963282  || CoutTh=  0  || Out Real =  0
6.00 0.00 4.00 1.50 2.58 0.00 2.00 1.57 0.00 2.60 2.00 2.00 7.00   || Output= 0.989590763  || CoutTh=  1  || Out Real =  1
5.90 1.00 4.00 1.40 1.77 0.00 0.00 1.62 1.00 0.00 1.00 1.00 7.00   || Output= 0.889720219  || CoutTh=  1  || Out Real =  1
4.50 0.00 2.00 1.12 1.60 0.00 0.00 1.38 0.00 0.00 2.00 0.00 3.00   || Output= 0.080759907  || CoutTh=  0  || Out Real =  0
5.50 0.00 4.00 1.80 3.27 0.00 1.00 1.17 1.00 3.40 2.00 0.00 3.00   || Output= 0.813662759  || CoutTh=  1  || Out Real =  1
4.10 1.00 2.00 1.10 2.35 0.00 0.00 1.53 0.00 0.00 1.00 0.00 3.00   || Output= 0.080774460  || CoutTh=  0  || Out Real =  0
6.00 0.00 4.00 1.58 3.05 0.00 2.00 1.61 0.00 0.00 1.00 0.00 3.00   || Output= 0.080799231  || CoutTh=  0  || Out Real =  1
5.40 0.00 3.00 1.35 3.04 1.00 0.00 1.70 0.00 0.00 1.00 0.00 3.00   || Output= 0.080787906  || CoutTh=  0  || Out Real =  0
4.20 1.00 2.00 1.20 2.95 0.00 0.00 1.62 0.00 0.00 1.00 0.00 3.00   || Output= 0.080777202  || CoutTh=  0  || Out Real =  0
4.90 0.00 2.00 1.34 2.71 0.00 0.00 1.62 0.00 0.00 2.00 0.00 3.00   || Output= 0.080767348  || CoutTh=  0  || Out Real =  0
4.60 1.00 4.00 1.20 2.49 0.00 2.00 1.44 0.00 0.80 1.00 0.00 7.00   || Output= 0.898672043  || CoutTh=  1  || Out Real =  1
5.60 0.00 4.00 2.00 2.88 1.00 2.00 1.33 1.00 4.00 3.00 2.00 7.00   || Output= 0.989592146  || CoutTh=  1  || Out Real =  1
6.60 0.00 1.00 1.50 2.26 0.00 0.00 1.14 0.00 2.60 3.00 0.00 3.00   || Output= 0.239474286  || CoutTh=  0  || Out Real =  0
5.60 1.00 4.00 1.30 2.83 1.00 2.00 1.03 1.00 1.60 3.00 0.00 7.00   || Output= 0.889593722  || CoutTh=  1  || Out Real =  1
4.90 1.00 3.00 1.20 1.88 0.00 0.00 1.39 0.00 2.00 2.00 3.00 7.00   || Output= 0.989592140  || CoutTh=  1  || Out Real =  1
5.40 1.00 4.00 1.22 2.86 0.00 2.00 1.16 1.00 3.20 2.00 2.00 3.00   || Output= 0.989591798  || CoutTh=  1  || Out Real =  1
5.70 1.00 4.00 1.52 2.74 0.00 0.00 8.80 1.00 1.20 2.00 1.00 7.00   || Output= 0.988773047  || CoutTh=  1  || Out Real =  1
6.50 0.00 3.00 1.60 3.60 0.00 2.00 1.51 0.00 0.80 1.00 0.00 3.00   || Output= 0.080798447  || CoutTh=  0  || Out Real =  0
5.40 1.00 3.00 1.25 2.73 0.00 2.00 1.52 0.00 0.50 3.00 1.00 3.00   || Output= 0.080801789  || CoutTh=  0  || Out Real =  0
5.40 0.00 3.00 1.60 2.01 0.00 0.00 1.63 0.00 0.00 1.00 1.00 3.00   || Output= 0.080789461  || CoutTh=  0  || Out Real =  0
6.20 1.00 4.00 1.20 2.67 0.00 0.00 9.90 1.00 1.80 2.00 2.00 7.00   || Output= 0.989592152  || CoutTh=  1  || Out Real =  1
5.20 0.00 3.00 1.36 1.96 0.00 2.00 1.69 0.00 0.10 2.00 0.00 3.00   || Output= 0.080798586  || CoutTh=  0  || Out Real =  0
5.20 1.00 2.00 1.34 2.01 0.00 0.00 1.58 0.00 0.80 1.00 1.00 3.00   || Output= 0.243475322  || CoutTh=  0  || Out Real =  0
6.00 1.00 4.00 1.17 2.30 1.00 0.00 1.60 1.00 1.40 1.00 2.00 7.00   || Output= 0.988702777  || CoutTh=  1  || Out Real =  1
6.30 0.00 4.00 1.08 2.69 0.00 0.00 1.69 1.00 1.80 2.00 2.00 3.00   || Output= 0.889568051  || CoutTh=  1  || Out Real =  1
6.60 1.00 4.00 1.12 2.12 0.00 2.00 1.32 1.00 0.10 1.00 1.00 3.00   || Output= 0.807071445  || CoutTh=  1  || Out Real =  1
4.20 1.00 4.00 1.40 2.26 0.00 0.00 1.78 0.00 0.00 1.00 0.00 3.00   || Output= 0.080797045  || CoutTh=  0  || Out Real =  0
6.40 1.00 4.00 1.20 2.46 0.00 2.00 9.60 1.00 2.20 3.00 1.00 3.00   || Output= 0.916949867  || CoutTh=  1  || Out Real =  1
5.40 1.00 3.00 1.50 2.32 0.00 2.00 1.65 0.00 1.60 1.00 0.00 7.00   || Output= 0.509446045  || CoutTh=  1  || Out Real =  0
4.60 0.00 3.00 1.42 1.77 0.00 2.00 1.60 1.00 1.40 3.00 0.00 3.00   || Output= 0.153468958  || CoutTh=  0  || Out Real =  0
6.70 0.00 3.00 1.52 2.77 0.00 0.00 1.72 0.00 0.00 1.00 1.00 3.00   || Output= 0.080790541  || CoutTh=  0  || Out Real =  0
5.60 1.00 4.00 1.25 2.49 1.00 2.00 1.44 1.00 1.20 2.00 1.00 3.00   || Output= 0.889568425  || CoutTh=  1  || Out Real =  1
3.40 0.00 2.00 1.18 2.10 0.00 0.00 1.92 0.00 0.70 1.00 0.00 3.00   || Output= 0.080790278  || CoutTh=  0  || Out Real =  0
5.70 1.00 4.00 1.32 2.07 0.00 0.00 1.68 1.00 0.00 1.00 0.00 7.00   || Output= 0.115052523  || CoutTh=  0  || Out Real =  0
6.40 1.00 4.00 1.45 2.12 0.00 2.00 1.32 0.00 2.00 2.00 2.00 6.00   || Output= 0.989588586  || CoutTh=  1  || Out Real =  1
5.90 1.00 4.00 1.38 2.71 0.00 2.00 1.82 0.00 0.00 1.00 0.00 3.00   || Output= 0.080800251  || CoutTh=  0  || Out Real =  0
5.00 1.00 3.00 1.40 2.33 0.00 0.00 1.63 0.00 0.60 2.00 1.00 7.00   || Output= 0.817826938  || CoutTh=  1  || Out Real =  1
5.10 1.00 1.00 1.25 2.13 0.00 2.00 1.25 1.00 1.40 1.00 1.00 3.00   || Output= 0.548634121  || CoutTh=  1  || Out Real =  0
5.40 1.00 2.00 1.92 2.83 0.00 2.00 1.95 0.00 0.00 1.00 1.00 7.00   || Output= 0.509217736  || CoutTh=  1  || Out Real =  1
5.30 1.00 4.00 1.23 2.82 0.00 0.00 9.50 1.00 2.00 2.00 2.00 7.00   || Output= 0.989592152  || CoutTh=  1  || Out Real =  1
5.20 1.00 4.00 1.12 2.30 0.00 0.00 1.60 0.00 0.00 1.00 1.00 3.00   || Output= 0.080799379  || CoutTh=  0  || Out Real =  1
4.00 1.00 4.00 1.10 1.67 0.00 2.00 1.14 1.00 2.00 2.00 0.00 7.00   || Output= 0.989591300  || CoutTh=  1  || Out Real =  1
5.80 1.00 3.00 1.32 2.24 0.00 2.00 1.73 0.00 3.20 1.00 2.00 7.00   || Output= 0.989592146  || CoutTh=  1  || Out Real =  1
4.10 0.00 3.00 1.12 2.68 0.00 2.00 1.72 1.00 0.00 1.00 0.00 3.00   || Output= 0.117185231  || CoutTh=  0  || Out Real =  0
4.10 1.00 3.00 1.12 2.50 0.00 0.00 1.79 0.00 0.00 1.00 0.00 3.00   || Output= 0.080791182  || CoutTh=  0  || Out Real =  0
5.00 0.00 3.00 1.20 2.19 0.00 0.00 1.58 0.00 1.60 2.00 0.00 3.00   || Output= 0.080795137  || CoutTh=  0  || Out Real =  0
5.40 0.00 3.00 1.08 2.67 0.00 2.00 1.67 0.00 0.00 1.00 0.00 3.00   || Output= 0.080796264  || CoutTh=  0  || Out Real =  0
6.40 0.00 4.00 1.30 3.03 0.00 0.00 1.22 0.00 2.00 2.00 2.00 3.00   || Output= 0.889549106  || CoutTh=  1  || Out Real =  0
5.10 0.00 3.00 1.30 2.56 0.00 2.00 1.49 0.00 0.50 1.00 0.00 3.00   || Output= 0.080797579  || CoutTh=  0  || Out Real =  0
4.60 0.00 2.00 1.05 2.04 0.00 0.00 1.72 0.00 0.00 1.00 0.00 3.00   || Output= 0.080757001  || CoutTh=  0  || Out Real =  0
5.50 1.00 4.00 1.40 2.17 0.00 0.00 1.11 1.00 5.60 3.00 0.00 7.00   || Output= 0.989592149  || CoutTh=  1  || Out Real =  1
4.50 1.00 2.00 1.28 3.08 0.00 2.00 1.70 0.00 0.00 1.00 0.00 3.00   || Output= 0.081554751  || CoutTh=  0  || Out Real =  0
5.60 1.00 1.00 1.20 1.93 0.00 2.00 1.62 0.00 1.90 2.00 0.00 7.00   || Output= 0.509218864  || CoutTh=  1  || Out Real =  0
6.60 0.00 4.00 1.78 2.28 1.00 0.00 1.65 1.00 1.00 2.00 2.00 7.00   || Output= 0.889568583  || CoutTh=  1  || Out Real =  1
3.80 1.00 1.00 1.20 2.31 0.00 0.00 1.82 1.00 3.80 2.00 0.00 7.00   || Output= 0.989592142  || CoutTh=  1  || Out Real =  1
6.20 0.00 4.00 1.50 2.44 0.00 0.00 1.54 1.00 1.40 2.00 0.00 3.00   || Output= 0.080798815  || CoutTh=  0  || Out Real =  1
5.50 1.00 2.00 1.30 2.62 0.00 0.00 1.55 0.00 0.00 1.00 0.00 3.00   || Output= 0.080768583  || CoutTh=  0  || Out Real =  0
5.80 1.00 4.00 1.28 2.59 0.00 2.00 1.30 1.00 3.00 2.00 2.00 7.00   || Output= 0.989592150  || CoutTh=  1  || Out Real =  1
4.30 1.00 4.00 1.10 2.11 0.00 0.00 1.61 0.00 0.00 1.00 0.00 7.00   || Output= 0.214967436  || CoutTh=  0  || Out Real =  0
6.40 0.00 4.00 1.80 3.25 0.00 0.00 1.54 1.00 0.00 1.00 0.00 3.00   || Output= 0.080794209  || CoutTh=  0  || Out Real =  0
5.00 0.00 4.00 1.10 2.54 0.00 2.00 1.59 0.00 0.00 1.00 0.00 3.00   || Output= 0.080799765  || CoutTh=  0  || Out Real =  0
5.30 1.00 3.00 1.30 1.97 1.00 2.00 1.52 0.00 1.20 3.00 0.00 3.00   || Output= 0.080801295  || CoutTh=  0  || Out Real =  0
4.50 0.00 4.00 1.38 2.36 0.00 2.00 1.52 1.00 0.20 2.00 0.00 3.00   || Output= 0.181002320  || CoutTh=  0  || Out Real =  0
6.50 1.00 1.00 1.38 2.82 1.00 2.00 1.74 0.00 1.40 2.00 1.00 3.00   || Output= 0.509198446  || CoutTh=  1  || Out Real =  1
6.90 1.00 1.00 1.60 2.34 1.00 2.00 1.31 0.00 0.10 2.00 1.00 3.00   || Output= 0.106066081  || CoutTh=  0  || Out Real =  0
6.90 1.00 3.00 1.40 2.54 0.00 2.00 1.46 0.00 2.00 2.00 3.00 7.00   || Output= 0.989592146  || CoutTh=  1  || Out Real =  1
6.70 1.00 4.00 1.00 2.99 0.00 2.00 1.25 1.00 0.90 2.00 2.00 3.00   || Output= 0.889571999  || CoutTh=  1  || Out Real =  1
6.80 0.00 3.00 1.20 2.11 0.00 2.00 1.15 0.00 1.50 2.00 0.00 3.00   || Output= 0.080799172  || CoutTh=  0  || Out Real =  0
3.40 1.00 1.00 1.18 1.82 0.00 2.00 1.74 0.00 0.00 1.00 0.00 3.00   || Output= 0.509157117  || CoutTh=  1  || Out Real =  0
6.20 0.00 4.00 1.38 2.94 1.00 0.00 1.06 0.00 1.90 2.00 3.00 3.00   || Output= 0.889568355  || CoutTh=  1  || Out Real =  1
5.10 1.00 4.00 1.40 2.98 0.00 0.00 1.22 1.00 4.20 2.00 3.00 7.00   || Output= 0.989592151  || CoutTh=  1  || Out Real =  1
4.60 1.00 3.00 1.50 2.31 0.00 0.00 1.47 0.00 3.60 2.00 0.00 3.00   || Output= 0.455055541  || CoutTh=  0  || Out Real =  1
6.70 1.00 4.00 1.25 2.54 1.00 0.00 1.63 0.00 0.20 2.00 2.00 7.00   || Output= 0.889562927  || CoutTh=  1  || Out Real =  1
5.00 1.00 3.00 1.29 1.96 0.00 0.00 1.63 0.00 0.00 1.00 0.00 3.00   || Output= 0.080786255  || CoutTh=  0  || Out Real =  0
4.20 1.00 3.00 1.20 2.40 1.00 0.00 1.94 0.00 0.80 3.00 0.00 7.00   || Output= 0.082396800  || CoutTh=  0  || Out Real =  0
5.60 0.00 4.00 1.34 4.09 0.00 2.00 1.50 1.00 1.90 2.00 2.00 7.00   || Output= 0.989587017  || CoutTh=  1  || Out Real =  1
4.10 1.00 4.00 1.10 1.72 0.00 2.00 1.58 0.00 0.00 1.00 0.00 7.00   || Output= 0.889583534  || CoutTh=  1  || Out Real =  1
4.20 0.00 4.00 1.02 2.65 0.00 2.00 1.22 0.00 0.60 2.00 0.00 3.00   || Output= 0.111174730  || CoutTh=  0  || Out Real =  0
5.30 1.00 3.00 1.30 2.46 1.00 2.00 1.73 0.00 0.00 1.00 3.00 3.00   || Output= 0.890236359  || CoutTh=  1  || Out Real =  0
4.30 1.00 3.00 1.30 3.15 0.00 0.00 1.62 0.00 1.90 1.00 1.00 3.00   || Output= 0.155550307  || CoutTh=  0  || Out Real =  0
5.60 1.00 4.00 1.32 1.84 0.00 2.00 1.05 1.00 2.10 2.00 1.00 6.00   || Output= 0.989590551  || CoutTh=  1  || Out Real =  1
5.20 1.00 4.00 1.08 2.33 1.00 0.00 1.47 0.00 0.10 1.00 3.00 7.00   || Output= 0.891017567  || CoutTh=  1  || Out Real =  0
6.20 0.00 4.00 1.40 3.94 0.00 2.00 1.57 0.00 1.20 2.00 0.00 3.00   || Output= 0.080801024  || CoutTh=  0  || Out Real =  0
7.00 1.00 3.00 1.60 2.69 0.00 0.00 1.12 1.00 2.90 2.00 1.00 7.00   || Output= 0.989592088  || CoutTh=  1  || Out Real =  1
5.40 1.00 4.00 1.40 2.39 0.00 0.00 1.60 0.00 1.20 1.00 0.00 3.00   || Output= 0.080798563  || CoutTh=  0  || Out Real =  0
7.00 1.00 4.00 1.45 1.74 0.00 0.00 1.25 1.00 2.60 3.00 0.00 7.00   || Output= 0.921647463  || CoutTh=  1  || Out Real =  1
5.40 1.00 2.00 1.08 3.09 0.00 0.00 1.56 0.00 0.00 1.00 0.00 7.00   || Output= 0.503819245  || CoutTh=  1  || Out Real =  0
3.50 1.00 4.00 1.26 2.82 0.00 2.00 1.56 1.00 0.00 1.00 0.00 7.00   || Output= 0.901060241  || CoutTh=  1  || Out Real =  1
4.80 1.00 3.00 1.24 2.55 1.00 0.00 1.75 0.00 0.00 1.00 2.00 3.00   || Output= 0.089891783  || CoutTh=  0  || Out Real =  0
5.50 0.00 2.00 1.35 2.50 0.00 2.00 1.61 0.00 1.40 2.00 0.00 3.00   || Output= 0.080836553  || CoutTh=  0  || Out Real =  0
5.80 0.00 4.00 1.00 2.48 0.00 2.00 1.22 0.00 1.00 2.00 0.00 3.00   || Output= 0.080801717  || CoutTh=  0  || Out Real =  0
5.40 0.00 3.00 1.10 2.14 0.00 0.00 1.58 0.00 1.60 2.00 0.00 3.00   || Output= 0.080794487  || CoutTh=  0  || Out Real =  0
6.90 0.00 1.00 1.40 2.39 0.00 0.00 1.51 0.00 1.80 1.00 2.00 3.00   || Output= 0.509184822  || CoutTh=  1  || Out Real =  0
7.70 1.00 4.00 1.25 3.04 0.00 2.00 1.62 1.00 0.00 1.00 3.00 3.00   || Output= 0.889579859  || CoutTh=  1  || Out Real =  1
6.80 1.00 3.00 1.18 2.77 0.00 0.00 1.51 0.00 1.00 1.00 1.00 7.00   || Output= 0.507603164  || CoutTh=  1  || Out Real =  0
5.80 1.00 4.00 1.25 3.00 0.00 2.00 1.71 0.00 0.00 1.00 2.00 7.00   || Output= 0.981633887  || CoutTh=  1  || Out Real =  1
6.00 1.00 4.00 1.25 2.58 0.00 2.00 1.41 1.00 2.80 2.00 1.00 7.00   || Output= 0.989592148  || CoutTh=  1  || Out Real =  1
5.10 1.00 4.00 1.40 2.99 0.00 0.00 1.73 1.00 1.60 1.00 0.00 7.00   || Output= 0.971847000  || CoutTh=  1  || Out Real =  1
5.50 1.00 4.00 1.60 2.89 0.00 2.00 1.45 1.00 0.80 2.00 1.00 7.00   || Output= 0.988106560  || CoutTh=  1  || Out Real =  1
5.20 1.00 1.00 1.52 2.98 1.00 0.00 1.78 0.00 1.20 2.00 0.00 7.00   || Output= 0.509216105  || CoutTh=  1  || Out Real =  0
6.00 0.00 3.00 1.02 3.18 0.00 0.00 1.60 0.00 0.00 1.00 1.00 3.00   || Output= 0.080790531  || CoutTh=  0  || Out Real =  0
5.80 1.00 3.00 1.05 2.40 0.00 2.00 1.54 1.00 0.60 2.00 0.00 7.00   || Output= 0.989559868  || CoutTh=  1  || Out Real =  0
6.40 1.00 3.00 1.25 3.09 0.00 0.00 1.31 1.00 1.80 2.00 0.00 7.00   || Output= 0.942589035  || CoutTh=  1  || Out Real =  1
3.70 1.00 3.00 1.30 2.50 0.00 0.00 1.87 0.00 3.50 3.00 0.00 3.00   || Output= 0.386273202  || CoutTh=  0  || Out Real =  0
5.90 1.00 1.00 1.70 2.88 0.00 2.00 1.59 0.00 0.20 2.00 0.00 7.00   || Output= 0.509215481  || CoutTh=  1  || Out Real =  1
5.10 1.00 3.00 1.25 2.45 1.00 2.00 1.66 0.00 2.40 2.00 0.00 3.00   || Output= 0.080825684  || CoutTh=  0  || Out Real =  0
4.30 0.00 3.00 1.22 2.13 0.00 0.00 1.65 0.00 0.20 2.00 0.00 3.00   || Output= 0.080789730  || CoutTh=  0  || Out Real =  0
5.80 1.00 4.00 1.28 2.16 0.00 2.00 1.31 1.00 2.20 2.00 3.00 7.00   || Output= 0.989592148  || CoutTh=  1  || Out Real =  1
2.90 1.00 2.00 1.30 2.04 0.00 2.00 2.02 0.00 0.00 1.00 0.00 3.00   || Output= 0.138643704  || CoutTh=  0  || Out Real =  0
4.10 0.00 2.00 1.30 2.04 0.00 2.00 1.72 0.00 1.40 1.00 0.00 3.00   || Output= 0.122618600  || CoutTh=  0  || Out Real =  0
6.30 0.00 3.00 1.35 2.52 0.00 2.00 1.72 0.00 0.00 1.00 0.00 3.00   || Output= 0.080795710  || CoutTh=  0  || Out Real =  0
5.10 1.00 3.00 9.40 2.27 0.00 0.00 1.54 1.00 0.00 1.00 1.00 7.00   || Output= 0.135876528  || CoutTh=  0  || Out Real =  0
5.40 1.00 3.00 1.20 2.58 0.00 2.00 1.47 0.00 0.40 2.00 0.00 7.00   || Output= 0.249021470  || CoutTh=  0  || Out Real =  0
4.40 1.00 2.00 1.20 2.20 0.00 0.00 1.70 0.00 0.00 1.00 0.00 3.00   || Output= 0.080774344  || CoutTh=  0  || Out Real =  0
5.40 1.00 4.00 1.10 2.39 0.00 0.00 1.26 1.00 2.80 2.00 1.00 7.00   || Output= 0.989592106  || CoutTh=  1  || Out Real =  1
6.50 1.00 4.00 1.35 2.54 0.00 2.00 1.27 0.00 2.80 2.00 1.00 7.00   || Output= 0.989592108  || CoutTh=  1  || Out Real =  1
5.70 1.00 3.00 1.50 1.68 0.00 0.00 1.74 0.00 1.60 1.00 0.00 3.00   || Output= 0.080796484  || CoutTh=  0  || Out Real =  0
6.30 1.00 4.00 1.30 3.30 1.00 2.00 1.32 1.00 1.80 1.00 3.00 7.00   || Output= 0.989592147  || CoutTh=  1  || Out Real =  1
3.50 0.00 4.00 1.38 1.83 0.00 0.00 1.82 0.00 1.40 1.00 0.00 3.00   || Output= 0.080854895  || CoutTh=  0  || Out Real =  0
4.10 1.00 2.00 1.35 2.03 0.00 0.00 1.32 0.00 0.00 2.00 0.00 6.00   || Output= 0.136489014  || CoutTh=  0  || Out Real =  0
6.20 0.00 3.00 1.30 2.63 0.00 0.00 9.70 0.00 1.20 2.00 1.00 7.00   || Output= 0.508673305  || CoutTh=  1  || Out Real =  1
4.30 0.00 4.00 1.32 3.41 1.00 2.00 1.36 1.00 3.00 2.00 0.00 7.00   || Output= 0.949589826  || CoutTh=  1  || Out Real =  1
5.80 0.00 1.00 1.50 2.83 1.00 2.00 1.62 0.00 1.00 1.00 0.00 3.00   || Output= 0.082169489  || CoutTh=  0  || Out Real =  0
5.20 1.00 1.00 1.18 1.86 0.00 2.00 1.90 0.00 0.00 2.00 0.00 6.00   || Output= 0.509209605  || CoutTh=  1  || Out Real =  0
6.10 0.00 4.00 1.45 3.07 0.00 2.00 1.46 1.00 1.00 2.00 0.00 7.00   || Output= 0.889553707  || CoutTh=  1  || Out Real =  1
3.90 1.00 4.00 1.18 2.19 0.00 0.00 1.40 0.00 1.20 2.00 0.00 7.00   || Output= 0.889579033  || CoutTh=  1  || Out Real =  1
4.50 1.00 4.00 1.15 2.60 0.00 2.00 1.85 0.00 0.00 1.00 0.00 3.00   || Output= 0.080800808  || CoutTh=  0  || Out Real =  0
5.20 1.00 4.00 1.28 2.55 0.00 0.00 1.61 1.00 0.00 1.00 1.00 7.00   || Output= 0.889886793  || CoutTh=  1  || Out Real =  1
6.20 1.00 3.00 1.30 2.31 0.00 0.00 1.46 0.00 1.80 2.00 3.00 7.00   || Output= 0.989592138  || CoutTh=  1  || Out Real =  0
6.20 0.00 4.00 1.60 1.64 0.00 2.00 1.45 0.00 6.20 3.00 3.00 7.00   || Output= 0.989592152  || CoutTh=  1  || Out Real =  1
5.30 0.00 4.00 1.38 2.34 0.00 2.00 1.60 0.00 0.00 1.00 0.00 3.00   || Output= 0.080799333  || CoutTh=  0  || Out Real =  0
4.30 1.00 4.00 1.20 1.77 0.00 2.00 1.20 1.00 2.50 2.00 0.00 7.00   || Output= 0.989592123  || CoutTh=  1  || Out Real =  1
4.70 1.00 3.00 1.38 2.57 0.00 2.00 1.56 0.00 0.00 1.00 0.00 3.00   || Output= 0.080798172  || CoutTh=  0  || Out Real =  0
5.20 1.00 2.00 1.20 3.25 0.00 0.00 1.72 0.00 0.20 1.00 0.00 3.00   || Output= 0.080779188  || CoutTh=  0  || Out Real =  0
6.80 1.00 3.00 1.80 2.74 1.00 2.00 1.50 1.00 1.60 2.00 0.00 7.00   || Output= 0.504370081  || CoutTh=  1  || Out Real =  1
3.90 1.00 3.00 1.40 3.21 0.00 2.00 1.82 0.00 0.00 1.00 0.00 3.00   || Output= 0.080799558  || CoutTh=  0  || Out Real =  0
5.30 0.00 4.00 1.30 2.64 0.00 2.00 1.43 0.00 0.40 2.00 0.00 3.00   || Output= 0.080800623  || CoutTh=  0  || Out Real =  0
6.20 0.00 4.00 1.40 2.68 0.00 2.00 1.60 0.00 3.60 3.00 2.00 3.00   || Output= 0.890968971  || CoutTh=  1  || Out Real =  1
5.10 0.00 3.00 1.40 3.08 0.00 2.00 1.42 0.00 1.50 1.00 1.00 3.00   || Output= 0.084921612  || CoutTh=  0  || Out Real =  0
6.00 1.00 4.00 1.30 2.53 0.00 0.00 1.44 1.00 1.40 1.00 1.00 7.00   || Output= 0.989044118  || CoutTh=  1  || Out Real =  1
6.50 1.00 4.00 1.10 2.48 0.00 2.00 1.58 0.00 0.60 1.00 2.00 6.00   || Output= 0.975513267  || CoutTh=  1  || Out Real =  1
6.50 0.00 3.00 1.55 2.69 0.00 0.00 1.48 0.00 0.80 1.00 0.00 3.00   || Output= 0.080785446  || CoutTh=  0  || Out Real =  0
6.00 1.00 3.00 1.40 1.85 0.00 2.00 1.55 0.00 3.00 2.00 0.00 3.00   || Output= 0.471102246  || CoutTh=  0  || Out Real =  1
6.00 1.00 4.00 1.45 2.82 0.00 2.00 1.42 1.00 2.80 2.00 2.00 7.00   || Output= 0.989592150  || CoutTh=  1  || Out Real =  1
5.40 1.00 4.00 1.20 1.88 0.00 0.00 1.13 0.00 1.40 2.00 1.00 7.00   || Output= 0.894095081  || CoutTh=  1  || Out Real =  1
4.40 1.00 2.00 1.30 2.19 0.00 2.00 1.88 0.00 0.00 1.00 0.00 3.00   || Output= 0.083345550  || CoutTh=  0  || Out Real =  0
4.40 1.00 4.00 1.12 2.90 0.00 2.00 1.53 0.00 0.00 1.00 1.00 3.00   || Output= 0.860090939  || CoutTh=  1  || Out Real =  1
5.10 1.00 3.00 1.10 1.75 0.00 0.00 1.23 0.00 0.60 1.00 0.00 3.00   || Output= 0.080787543  || CoutTh=  0  || Out Real =  0
5.90 1.00 3.00 1.50 2.12 1.00 0.00 1.57 0.00 1.60 1.00 0.00 3.00   || Output= 0.080797316  || CoutTh=  0  || Out Real =  0
7.10 0.00 2.00 1.60 3.02 0.00 0.00 1.62 0.00 0.40 1.00 2.00 3.00   || Output= 0.080795334  || CoutTh=  0  || Out Real =  0
6.10 1.00 3.00 1.50 2.43 1.00 0.00 1.37 1.00 1.00 2.00 0.00 3.00   || Output= 0.080797755  || CoutTh=  0  || Out Real =  0
5.50 1.00 4.00 1.32 3.53 0.00 0.00 1.32 1.00 1.20 2.00 1.00 7.00   || Output= 0.919477435  || CoutTh=  1  || Out Real =  1
6.40 1.00 3.00 1.40 3.35 0.00 0.00 1.58 0.00 0.00 1.00 0.00 3.00   || Output= 0.080788130  || CoutTh=  0  || Out Real =  1
4.30 1.00 4.00 1.50 2.47 0.00 0.00 1.71 0.00 1.50 1.00 0.00 3.00   || Output= 0.080800007  || CoutTh=  0  || Out Real =  0
5.80 0.00 3.00 1.20 3.40 0.00 0.00 1.72 0.00 0.00 1.00 0.00 3.00   || Output= 0.080782294  || CoutTh=  0  || Out Real =  0
6.00 1.00 4.00 1.30 2.06 0.00 2.00 1.32 1.00 2.40 2.00 2.00 7.00   || Output= 0.989592148  || CoutTh=  1  || Out Real =  1
5.80 1.00 2.00 1.20 2.84 0.00 2.00 1.60 0.00 1.80 2.00 0.00 3.00   || Output= 0.499643276  || CoutTh=  0  || Out Real =  1
4.90 1.00 2.00 1.30 2.66 0.00 0.00 1.71 0.00 0.60 1.00 0.00 3.00   || Output= 0.080828921  || CoutTh=  0  || Out Real =  0
4.80 1.00 2.00 1.10 2.29 0.00 0.00 1.68 0.00 1.00 3.00 0.00 7.00   || Output= 0.508990142  || CoutTh=  1  || Out Real =  1
5.20 1.00 3.00 1.72 1.99 1.00 0.00 1.62 0.00 0.50 1.00 0.00 7.00   || Output= 0.080808388  || CoutTh=  0  || Out Real =  0
4.40 1.00 2.00 1.20 2.63 0.00 0.00 1.73 0.00 0.00 1.00 0.00 7.00   || Output= 0.508727491  || CoutTh=  1  || Out Real =  0
5.60 0.00 2.00 1.40 2.94 0.00 2.00 1.53 0.00 1.30 2.00 0.00 3.00   || Output= 0.080805438  || CoutTh=  0  || Out Real =  0
5.70 1.00 4.00 1.40 1.92 0.00 0.00 1.48 0.00 0.40 2.00 0.00 6.00   || Output= 0.080800661  || CoutTh=  0  || Out Real =  0
6.70 1.00 4.00 1.60 2.86 0.00 2.00 1.08 1.00 1.50 2.00 3.00 3.00   || Output= 0.971030967  || CoutTh=  1  || Out Real =  1
==========================================================> Error
True Data = 232 || False Data = 38 || Error = 0.140741